# 1
0.1672093794 0.9143146478 0.48
0.5006035952 0.2528619728 0.14
0.6630381989 0.9147970749 0.48
0.0047750196 0.2523796687 0.14
0.1699564752 0.6703170612 0.48
0.4978572287 0.496859589 0.14

# 2
0.1672093794 0.9143146478 0.48
0.5006035952 0.2528619728 0.14
0.6630381989 0.9147970749 0.48
0.0047750196 0.2523796687 0.14
0.6630882461 0.6643657629 0.48
0.0047252372 0.5028111658 0.14

# 3
0.1672093794 0.9143146478 0.48
0.5006035952 0.2528619728 0.14
0.1699564752 0.6703170612 0.48
0.4978572287 0.496859589 0.14
0.6630882461 0.6643657629 0.48
0.0047252372 0.5028111658 0.14

# 4
0.1672093794 0.9143146478 0.48
0.5006035952 0.2528619728 0.14
0.6630381989 0.9147970749 0.48
0.0047750196 0.2523796687 0.14
0.1685178784 0.4168626851 0.48
0.4992947189 0.7503138387 0.14

# 5
0.1672093794 0.9143146478 0.48
0.5006035952 0.2528619728 0.14
0.1699564752 0.6703170612 0.48
0.4978572287 0.496859589 0.14
0.1685178784 0.4168626851 0.48
0.4992947189 0.7503138387 0.14

# 6
0.6630381989 0.9147970749 0.48
0.0047750196 0.2523796687 0.14
0.1699564752 0.6703170612 0.48
0.4978572287 0.496859589 0.14
0.1685178784 0.4168626851 0.48
0.4992947189 0.7503138387 0.14

# 7
0.1672093794 0.9143146478 0.48
0.5006035952 0.2528619728 0.14
0.6630882461 0.6643657629 0.48
0.0047252372 0.5028111658 0.14
0.1685178784 0.4168626851 0.48
0.4992947189 0.7503138387 0.14

# 8
0.6630381989 0.9147970749 0.48
0.0047750196 0.2523796687 0.14
0.6630882461 0.6643657629 0.48
0.0047252372 0.5028111658 0.14
0.1685178784 0.4168626851 0.48
0.4992947189 0.7503138387 0.14

# 9
0.1699564752 0.6703170612 0.48
0.4978572287 0.496859589 0.14
0.6630882461 0.6643657629 0.48
0.0047252372 0.5028111658 0.14
0.1685178784 0.4168626851 0.48
0.4992947189 0.7503138387 0.14

# 10
0.6630381989 0.9147970749 0.48
0.0047750196 0.2523796687 0.14
0.1685178784 0.4168626851 0.48
0.4992947189 0.7503138387 0.14
0.6674513102 0.417087862 0.48
0.00036219 0.7500890817 0.14

# 11
0.6630882461 0.6643657629 0.48
0.0047252372 0.5028111658 0.14
0.1685178784 0.4168626851 0.48
0.4992947189 0.7503138387 0.14
0.6674513102 0.417087862 0.48
0.00036219 0.7500890817 0.14

# 12
0.1672093794 0.9143146478 0.48
0.5006035952 0.2528619728 0.14
0.6630882461 0.6643657629 0.48
0.0047252372 0.5028111658 0.14
0.1660730133 0.1663772891 0.48
0.5017402485 1.0007993254 0.14

# 13
0.6630381989 0.9147970749 0.48
0.0047750196 0.2523796687 0.14
0.1685178784 0.4168626851 0.48
0.4992947189 0.7503138387 0.14
0.1660730133 0.1663772891 0.48
0.5017402485 1.0007993254 0.14

# 14
0.1672093794 0.9143146478 0.48
0.5006035952 0.2528619728 0.14
0.6630882461 0.6643657629 0.48
0.0047252372 0.5028111658 0.14
0.6705985012 0.1718093545 0.48
-0.0027855474 -0.0046330339 0.14

# 15
0.6630381989 0.9147970749 0.48
0.0047750196 0.2523796687 0.14
0.1685178784 0.4168626851 0.48
0.4992947189 0.7503138387 0.14
0.6705985012 0.1718093545 0.48
-0.0027855474 -0.0046330339 0.14

# 16
0.6630381989 0.9147970749 0.48
0.0047750196 0.2523796687 0.14
0.6674513102 0.417087862 0.48
0.00036219 0.7500890817 0.14
0.6705985012 0.1718093545 0.48
-0.0027855474 -0.0046330339 0.14

# 17
0.6630882461 0.6643657629 0.48
0.0047252372 0.5028111658 0.14
0.6674513102 0.417087862 0.48
0.00036219 0.7500890817 0.14
0.6705985012 0.1718093545 0.48
-0.0027855474 -0.0046330339 0.14

# 18
0.1672093794 0.9143146478 0.48
0.5006035952 0.2528619728 0.14
0.6630381989 0.9147970749 0.48
0.0047750196 0.2523796687 0.14
0.332717112 0.8326299391 0.48
0.3350960538 0.3345463801 0.14

# 19
0.1672093794 0.9143146478 0.48
0.5006035952 0.2528619728 0.14
0.1699564752 0.6703170612 0.48
0.4978572287 0.496859589 0.14
0.332717112 0.8326299391 0.48
0.3350960538 0.3345463801 0.14

# 20
0.1672093794 0.9143146478 0.48
0.5006035952 0.2528619728 0.14
0.6630882461 0.6643657629 0.48
0.0047252372 0.5028111658 0.14
0.332717112 0.8326299391 0.48
0.3350960538 0.3345463801 0.14

# 21
0.1699564752 0.6703170612 0.48
0.4978572287 0.496859589 0.14
0.6630882461 0.6643657629 0.48
0.0047252372 0.5028111658 0.14
0.332717112 0.8326299391 0.48
0.3350960538 0.3345463801 0.14

# 22
0.1672093794 0.9143146478 0.48
0.5006035952 0.2528619728 0.14
0.1685178784 0.4168626851 0.48
0.4992947189 0.7503138387 0.14
0.332717112 0.8326299391 0.48
0.3350960538 0.3345463801 0.14

# 23
0.6630381989 0.9147970749 0.48
0.0047750196 0.2523796687 0.14
0.1685178784 0.4168626851 0.48
0.4992947189 0.7503138387 0.14
0.332717112 0.8326299391 0.48
0.3350960538 0.3345463801 0.14

# 24
0.1699564752 0.6703170612 0.48
0.4978572287 0.496859589 0.14
0.1685178784 0.4168626851 0.48
0.4992947189 0.7503138387 0.14
0.332717112 0.8326299391 0.48
0.3350960538 0.3345463801 0.14

# 25
0.6630882461 0.6643657629 0.48
0.0047252372 0.5028111658 0.14
0.1685178784 0.4168626851 0.48
0.4992947189 0.7503138387 0.14
0.332717112 0.8326299391 0.48
0.3350960538 0.3345463801 0.14

# 26
0.1685178784 0.4168626851 0.48
0.4992947189 0.7503138387 0.14
0.6674513102 0.417087862 0.48
0.00036219 0.7500890817 0.14
0.332717112 0.8326299391 0.48
0.3350960538 0.3345463801 0.14

# 27
0.6630882461 0.6643657629 0.48
0.0047252372 0.5028111658 0.14
0.1660730133 0.1663772891 0.48
0.5017402485 1.0007993254 0.14
0.332717112 0.8326299391 0.48
0.3350960538 0.3345463801 0.14

# 28
0.1685178784 0.4168626851 0.48
0.4992947189 0.7503138387 0.14
0.1660730133 0.1663772891 0.48
0.5017402485 1.0007993254 0.14
0.332717112 0.8326299391 0.48
0.3350960538 0.3345463801 0.14

# 29
0.6630381989 0.9147970749 0.48
0.0047750196 0.2523796687 0.14
0.6705985012 0.1718093545 0.48
-0.0027855474 -0.0046330339 0.14
0.332717112 0.8326299391 0.48
0.3350960538 0.3345463801 0.14

# 30
0.6630882461 0.6643657629 0.48
0.0047252372 0.5028111658 0.14
0.6705985012 0.1718093545 0.48
-0.0027855474 -0.0046330339 0.14
0.332717112 0.8326299391 0.48
0.3350960538 0.3345463801 0.14

# 31
0.6674513102 0.417087862 0.48
0.00036219 0.7500890817 0.14
0.6705985012 0.1718093545 0.48
-0.0027855474 -0.0046330339 0.14
0.332717112 0.8326299391 0.48
0.3350960538 0.3345463801 0.14

# 32
0.1672093794 0.9143146478 0.48
0.5006035952 0.2528619728 0.14
0.6630381989 0.9147970749 0.48
0.0047750196 0.2523796687 0.14
0.8546494116 0.854189743 0.48
0.8131638865 0.3129869493 0.14

# 33
0.1672093794 0.9143146478 0.48
0.5006035952 0.2528619728 0.14
0.1699564752 0.6703170612 0.48
0.4978572287 0.496859589 0.14
0.8546494116 0.854189743 0.48
0.8131638865 0.3129869493 0.14

# 34
0.1672093794 0.9143146478 0.48
0.5006035952 0.2528619728 0.14
0.6630882461 0.6643657629 0.48
0.0047252372 0.5028111658 0.14
0.8546494116 0.854189743 0.48
0.8131638865 0.3129869493 0.14

# 35
0.1699564752 0.6703170612 0.48
0.4978572287 0.496859589 0.14
0.6630882461 0.6643657629 0.48
0.0047252372 0.5028111658 0.14
0.8546494116 0.854189743 0.48
0.8131638865 0.3129869493 0.14

# 36
0.1672093794 0.9143146478 0.48
0.5006035952 0.2528619728 0.14
0.1685178784 0.4168626851 0.48
0.4992947189 0.7503138387 0.14
0.8546494116 0.854189743 0.48
0.8131638865 0.3129869493 0.14

# 37
0.6630381989 0.9147970749 0.48
0.0047750196 0.2523796687 0.14
0.1685178784 0.4168626851 0.48
0.4992947189 0.7503138387 0.14
0.8546494116 0.854189743 0.48
0.8131638865 0.3129869493 0.14

# 38
0.1699564752 0.6703170612 0.48
0.4978572287 0.496859589 0.14
0.1685178784 0.4168626851 0.48
0.4992947189 0.7503138387 0.14
0.8546494116 0.854189743 0.48
0.8131638865 0.3129869493 0.14

# 39
0.6630882461 0.6643657629 0.48
0.0047252372 0.5028111658 0.14
0.1685178784 0.4168626851 0.48
0.4992947189 0.7503138387 0.14
0.8546494116 0.854189743 0.48
0.8131638865 0.3129869493 0.14

# 40
0.1685178784 0.4168626851 0.48
0.4992947189 0.7503138387 0.14
0.6674513102 0.417087862 0.48
0.00036219 0.7500890817 0.14
0.8546494116 0.854189743 0.48
0.8131638865 0.3129869493 0.14

# 41
0.1672093794 0.9143146478 0.48
0.5006035952 0.2528619728 0.14
0.1660730133 0.1663772891 0.48
0.5017402485 1.0007993254 0.14
0.8546494116 0.854189743 0.48
0.8131638865 0.3129869493 0.14

# 42
0.1699564752 0.6703170612 0.48
0.4978572287 0.496859589 0.14
0.1660730133 0.1663772891 0.48
0.5017402485 1.0007993254 0.14
0.8546494116 0.854189743 0.48
0.8131638865 0.3129869493 0.14

# 43
0.6630882461 0.6643657629 0.48
0.0047252372 0.5028111658 0.14
0.1660730133 0.1663772891 0.48
0.5017402485 1.0007993254 0.14
0.8546494116 0.854189743 0.48
0.8131638865 0.3129869493 0.14

# 44
0.1685178784 0.4168626851 0.48
0.4992947189 0.7503138387 0.14
0.1660730133 0.1663772891 0.48
0.5017402485 1.0007993254 0.14
0.8546494116 0.854189743 0.48
0.8131638865 0.3129869493 0.14

# 45
0.1672093794 0.9143146478 0.48
0.5006035952 0.2528619728 0.14
0.6705985012 0.1718093545 0.48
-0.0027855474 -0.0046330339 0.14
0.8546494116 0.854189743 0.48
0.8131638865 0.3129869493 0.14

# 46
0.1699564752 0.6703170612 0.48
0.4978572287 0.496859589 0.14
0.6705985012 0.1718093545 0.48
-0.0027855474 -0.0046330339 0.14
0.8546494116 0.854189743 0.48
0.8131638865 0.3129869493 0.14

# 47
0.6630882461 0.6643657629 0.48
0.0047252372 0.5028111658 0.14
0.6705985012 0.1718093545 0.48
-0.0027855474 -0.0046330339 0.14
0.8546494116 0.854189743 0.48
0.8131638865 0.3129869493 0.14

# 48
0.1685178784 0.4168626851 0.48
0.4992947189 0.7503138387 0.14
0.6705985012 0.1718093545 0.48
-0.0027855474 -0.0046330339 0.14
0.8546494116 0.854189743 0.48
0.8131638865 0.3129869493 0.14

# 49
0.1660730133 0.1663772891 0.48
0.5017402485 1.0007993254 0.14
0.6705985012 0.1718093545 0.48
-0.0027855474 -0.0046330339 0.14
0.8546494116 0.854189743 0.48
0.8131638865 0.3129869493 0.14

# 50
0.1672093794 0.9143146478 0.48
0.5006035952 0.2528619728 0.14
0.332717112 0.8326299391 0.48
0.3350960538 0.3345463801 0.14
0.8546494116 0.854189743 0.48
0.8131638865 0.3129869493 0.14

# 51
0.1699564752 0.6703170612 0.48
0.4978572287 0.496859589 0.14
0.332717112 0.8326299391 0.48
0.3350960538 0.3345463801 0.14
0.8546494116 0.854189743 0.48
0.8131638865 0.3129869493 0.14

# 52
0.6630882461 0.6643657629 0.48
0.0047252372 0.5028111658 0.14
0.332717112 0.8326299391 0.48
0.3350960538 0.3345463801 0.14
0.8546494116 0.854189743 0.48
0.8131638865 0.3129869493 0.14

# 53
0.1685178784 0.4168626851 0.48
0.4992947189 0.7503138387 0.14
0.332717112 0.8326299391 0.48
0.3350960538 0.3345463801 0.14
0.8546494116 0.854189743 0.48
0.8131638865 0.3129869493 0.14

# 54
0.1660730133 0.1663772891 0.48
0.5017402485 1.0007993254 0.14
0.332717112 0.8326299391 0.48
0.3350960538 0.3345463801 0.14
0.8546494116 0.854189743 0.48
0.8131638865 0.3129869493 0.14

# 55
0.6705985012 0.1718093545 0.48
-0.0027855474 -0.0046330339 0.14
0.332717112 0.8326299391 0.48
0.3350960538 0.3345463801 0.14
0.8546494116 0.854189743 0.48
0.8131638865 0.3129869493 0.14

# 56
0.1672093794 0.9143146478 0.48
0.5006035952 0.2528619728 0.14
0.6630381989 0.9147970749 0.48
0.0047750196 0.2523796687 0.14
0.3011256507 0.5735588173 0.48
0.3666869916 0.5936171524 0.14

# 57
0.1672093794 0.9143146478 0.48
0.5006035952 0.2528619728 0.14
0.1699564752 0.6703170612 0.48
0.4978572287 0.496859589 0.14
0.3011256507 0.5735588173 0.48
0.3666869916 0.5936171524 0.14

# 58
0.6630381989 0.9147970749 0.48
0.0047750196 0.2523796687 0.14
0.1699564752 0.6703170612 0.48
0.4978572287 0.496859589 0.14
0.3011256507 0.5735588173 0.48
0.3666869916 0.5936171524 0.14

# 59
0.1672093794 0.9143146478 0.48
0.5006035952 0.2528619728 0.14
0.6630882461 0.6643657629 0.48
0.0047252372 0.5028111658 0.14
0.3011256507 0.5735588173 0.48
0.3666869916 0.5936171524 0.14

# 60
0.6630381989 0.9147970749 0.48
0.0047750196 0.2523796687 0.14
0.6630882461 0.6643657629 0.48
0.0047252372 0.5028111658 0.14
0.3011256507 0.5735588173 0.48
0.3666869916 0.5936171524 0.14

# 61
0.1699564752 0.6703170612 0.48
0.4978572287 0.496859589 0.14
0.6630882461 0.6643657629 0.48
0.0047252372 0.5028111658 0.14
0.3011256507 0.5735588173 0.48
0.3666869916 0.5936171524 0.14

# 62
0.1672093794 0.9143146478 0.48
0.5006035952 0.2528619728 0.14
0.1685178784 0.4168626851 0.48
0.4992947189 0.7503138387 0.14
0.3011256507 0.5735588173 0.48
0.3666869916 0.5936171524 0.14

# 63
0.6630381989 0.9147970749 0.48
0.0047750196 0.2523796687 0.14
0.1685178784 0.4168626851 0.48
0.4992947189 0.7503138387 0.14
0.3011256507 0.5735588173 0.48
0.3666869916 0.5936171524 0.14

# 64
0.1699564752 0.6703170612 0.48
0.4978572287 0.496859589 0.14
0.1685178784 0.4168626851 0.48
0.4992947189 0.7503138387 0.14
0.3011256507 0.5735588173 0.48
0.3666869916 0.5936171524 0.14

# 65
0.1672093794 0.9143146478 0.48
0.5006035952 0.2528619728 0.14
0.6674513102 0.417087862 0.48
0.00036219 0.7500890817 0.14
0.3011256507 0.5735588173 0.48
0.3666869916 0.5936171524 0.14

# 66
0.6630381989 0.9147970749 0.48
0.0047750196 0.2523796687 0.14
0.6674513102 0.417087862 0.48
0.00036219 0.7500890817 0.14
0.3011256507 0.5735588173 0.48
0.3666869916 0.5936171524 0.14

# 67
0.1672093794 0.9143146478 0.48
0.5006035952 0.2528619728 0.14
0.1660730133 0.1663772891 0.48
0.5017402485 1.0007993254 0.14
0.3011256507 0.5735588173 0.48
0.3666869916 0.5936171524 0.14

# 68
0.1672093794 0.9143146478 0.48
0.5006035952 0.2528619728 0.14
0.6705985012 0.1718093545 0.48
-0.0027855474 -0.0046330339 0.14
0.3011256507 0.5735588173 0.48
0.3666869916 0.5936171524 0.14

# 69
0.6630381989 0.9147970749 0.48
0.0047750196 0.2523796687 0.14
0.6705985012 0.1718093545 0.48
-0.0027855474 -0.0046330339 0.14
0.3011256507 0.5735588173 0.48
0.3666869916 0.5936171524 0.14

# 70
0.1699564752 0.6703170612 0.48
0.4978572287 0.496859589 0.14
0.6705985012 0.1718093545 0.48
-0.0027855474 -0.0046330339 0.14
0.3011256507 0.5735588173 0.48
0.3666869916 0.5936171524 0.14

# 71
0.6630882461 0.6643657629 0.48
0.0047252372 0.5028111658 0.14
0.6705985012 0.1718093545 0.48
-0.0027855474 -0.0046330339 0.14
0.3011256507 0.5735588173 0.48
0.3666869916 0.5936171524 0.14

# 72
0.1672093794 0.9143146478 0.48
0.5006035952 0.2528619728 0.14
0.332717112 0.8326299391 0.48
0.3350960538 0.3345463801 0.14
0.3011256507 0.5735588173 0.48
0.3666869916 0.5936171524 0.14

# 73
0.6630381989 0.9147970749 0.48
0.0047750196 0.2523796687 0.14
0.332717112 0.8326299391 0.48
0.3350960538 0.3345463801 0.14
0.3011256507 0.5735588173 0.48
0.3666869916 0.5936171524 0.14

# 74
0.1699564752 0.6703170612 0.48
0.4978572287 0.496859589 0.14
0.332717112 0.8326299391 0.48
0.3350960538 0.3345463801 0.14
0.3011256507 0.5735588173 0.48
0.3666869916 0.5936171524 0.14

# 75
0.6630882461 0.6643657629 0.48
0.0047252372 0.5028111658 0.14
0.332717112 0.8326299391 0.48
0.3350960538 0.3345463801 0.14
0.3011256507 0.5735588173 0.48
0.3666869916 0.5936171524 0.14

# 76
0.1685178784 0.4168626851 0.48
0.4992947189 0.7503138387 0.14
0.332717112 0.8326299391 0.48
0.3350960538 0.3345463801 0.14
0.3011256507 0.5735588173 0.48
0.3666869916 0.5936171524 0.14

# 77
0.6674513102 0.417087862 0.48
0.00036219 0.7500890817 0.14
0.332717112 0.8326299391 0.48
0.3350960538 0.3345463801 0.14
0.3011256507 0.5735588173 0.48
0.3666869916 0.5936171524 0.14

# 78
0.1660730133 0.1663772891 0.48
0.5017402485 1.0007993254 0.14
0.332717112 0.8326299391 0.48
0.3350960538 0.3345463801 0.14
0.3011256507 0.5735588173 0.48
0.3666869916 0.5936171524 0.14

# 79
0.6705985012 0.1718093545 0.48
-0.0027855474 -0.0046330339 0.14
0.332717112 0.8326299391 0.48
0.3350960538 0.3345463801 0.14
0.3011256507 0.5735588173 0.48
0.3666869916 0.5936171524 0.14

# 80
0.1672093794 0.9143146478 0.48
0.5006035952 0.2528619728 0.14
0.8546494116 0.854189743 0.48
0.8131638865 0.3129869493 0.14
0.3011256507 0.5735588173 0.48
0.3666869916 0.5936171524 0.14

# 81
0.6630381989 0.9147970749 0.48
0.0047750196 0.2523796687 0.14
0.8546494116 0.854189743 0.48
0.8131638865 0.3129869493 0.14
0.3011256507 0.5735588173 0.48
0.3666869916 0.5936171524 0.14

# 82
0.1699564752 0.6703170612 0.48
0.4978572287 0.496859589 0.14
0.8546494116 0.854189743 0.48
0.8131638865 0.3129869493 0.14
0.3011256507 0.5735588173 0.48
0.3666869916 0.5936171524 0.14

# 83
0.6630882461 0.6643657629 0.48
0.0047252372 0.5028111658 0.14
0.8546494116 0.854189743 0.48
0.8131638865 0.3129869493 0.14
0.3011256507 0.5735588173 0.48
0.3666869916 0.5936171524 0.14

# 84
0.1685178784 0.4168626851 0.48
0.4992947189 0.7503138387 0.14
0.8546494116 0.854189743 0.48
0.8131638865 0.3129869493 0.14
0.3011256507 0.5735588173 0.48
0.3666869916 0.5936171524 0.14

# 85
0.6674513102 0.417087862 0.48
0.00036219 0.7500890817 0.14
0.8546494116 0.854189743 0.48
0.8131638865 0.3129869493 0.14
0.3011256507 0.5735588173 0.48
0.3666869916 0.5936171524 0.14

# 86
0.1660730133 0.1663772891 0.48
0.5017402485 1.0007993254 0.14
0.8546494116 0.854189743 0.48
0.8131638865 0.3129869493 0.14
0.3011256507 0.5735588173 0.48
0.3666869916 0.5936171524 0.14

# 87
0.6705985012 0.1718093545 0.48
-0.0027855474 -0.0046330339 0.14
0.8546494116 0.854189743 0.48
0.8131638865 0.3129869493 0.14
0.3011256507 0.5735588173 0.48
0.3666869916 0.5936171524 0.14

# 88
0.332717112 0.8326299391 0.48
0.3350960538 0.3345463801 0.14
0.8546494116 0.854189743 0.48
0.8131638865 0.3129869493 0.14
0.3011256507 0.5735588173 0.48
0.3666869916 0.5936171524 0.14

# 89
0.6630882461 0.6643657629 0.48
0.0047252372 0.5028111658 0.14
0.6674513102 0.417087862 0.48
0.00036219 0.7500890817 0.14
0.8497848004 0.5725191455 0.48
0.8180295781 0.5946578232 0.14

# 90
0.1685178784 0.4168626851 0.48
0.4992947189 0.7503138387 0.14
0.6674513102 0.417087862 0.48
0.00036219 0.7500890817 0.14
0.8497848004 0.5725191455 0.48
0.8180295781 0.5946578232 0.14

# 91
0.6674513102 0.417087862 0.48
0.00036219 0.7500890817 0.14
0.6705985012 0.1718093545 0.48
-0.0027855474 -0.0046330339 0.14
0.8497848004 0.5725191455 0.48
0.8180295781 0.5946578232 0.14

# 92
0.332717112 0.8326299391 0.48
0.3350960538 0.3345463801 0.14
0.3011256507 0.5735588173 0.48
0.3666869916 0.5936171524 0.14
0.8497848004 0.5725191455 0.48
0.8180295781 0.5946578232 0.14

# 93
0.8546494116 0.854189743 0.48
0.8131638865 0.3129869493 0.14
0.3011256507 0.5735588173 0.48
0.3666869916 0.5936171524 0.14
0.8497848004 0.5725191455 0.48
0.8180295781 0.5946578232 0.14

# 94
0.6630381989 0.9147970749 0.48
0.0047750196 0.2523796687 0.14
0.1685178784 0.4168626851 0.48
0.4992947189 0.7503138387 0.14
0.3319259401 0.3315545748 0.48
0.3358877761 0.835622132 0.14

# 95
0.6630381989 0.9147970749 0.48
0.0047750196 0.2523796687 0.14
0.6674513102 0.417087862 0.48
0.00036219 0.7500890817 0.14
0.3319259401 0.3315545748 0.48
0.3358877761 0.835622132 0.14

# 96
0.1672093794 0.9143146478 0.48
0.5006035952 0.2528619728 0.14
0.332717112 0.8326299391 0.48
0.3350960538 0.3345463801 0.14
0.3319259401 0.3315545748 0.48
0.3358877761 0.835622132 0.14

# 97
0.6630882461 0.6643657629 0.48
0.0047252372 0.5028111658 0.14
0.332717112 0.8326299391 0.48
0.3350960538 0.3345463801 0.14
0.3319259401 0.3315545748 0.48
0.3358877761 0.835622132 0.14

# 98
0.6674513102 0.417087862 0.48
0.00036219 0.7500890817 0.14
0.332717112 0.8326299391 0.48
0.3350960538 0.3345463801 0.14
0.3319259401 0.3315545748 0.48
0.3358877761 0.835622132 0.14

# 99
0.1672093794 0.9143146478 0.48
0.5006035952 0.2528619728 0.14
0.8546494116 0.854189743 0.48
0.8131638865 0.3129869493 0.14
0.3319259401 0.3315545748 0.48
0.3358877761 0.835622132 0.14

# 100
0.1699564752 0.6703170612 0.48
0.4978572287 0.496859589 0.14
0.8546494116 0.854189743 0.48
0.8131638865 0.3129869493 0.14
0.3319259401 0.3315545748 0.48
0.3358877761 0.835622132 0.14

# 101
0.6630882461 0.6643657629 0.48
0.0047252372 0.5028111658 0.14
0.8546494116 0.854189743 0.48
0.8131638865 0.3129869493 0.14
0.3319259401 0.3315545748 0.48
0.3358877761 0.835622132 0.14

# 102
0.1685178784 0.4168626851 0.48
0.4992947189 0.7503138387 0.14
0.8546494116 0.854189743 0.48
0.8131638865 0.3129869493 0.14
0.3319259401 0.3315545748 0.48
0.3358877761 0.835622132 0.14

# 103
0.1660730133 0.1663772891 0.48
0.5017402485 1.0007993254 0.14
0.8546494116 0.854189743 0.48
0.8131638865 0.3129869493 0.14
0.3319259401 0.3315545748 0.48
0.3358877761 0.835622132 0.14

# 104
0.6705985012 0.1718093545 0.48
-0.0027855474 -0.0046330339 0.14
0.8546494116 0.854189743 0.48
0.8131638865 0.3129869493 0.14
0.3319259401 0.3315545748 0.48
0.3358877761 0.835622132 0.14

# 105
0.332717112 0.8326299391 0.48
0.3350960538 0.3345463801 0.14
0.8546494116 0.854189743 0.48
0.8131638865 0.3129869493 0.14
0.3319259401 0.3315545748 0.48
0.3358877761 0.835622132 0.14

# 106
0.332717112 0.8326299391 0.48
0.3350960538 0.3345463801 0.14
0.3011256507 0.5735588173 0.48
0.3666869916 0.5936171524 0.14
0.3319259401 0.3315545748 0.48
0.3358877761 0.835622132 0.14

# 107
0.6630381989 0.9147970749 0.48
0.0047750196 0.2523796687 0.14
0.8497848004 0.5725191455 0.48
0.8180295781 0.5946578232 0.14
0.3319259401 0.3315545748 0.48
0.3358877761 0.835622132 0.14

# 108
0.6674513102 0.417087862 0.48
0.00036219 0.7500890817 0.14
0.8497848004 0.5725191455 0.48
0.8180295781 0.5946578232 0.14
0.3319259401 0.3315545748 0.48
0.3358877761 0.835622132 0.14

# 109
0.8546494116 0.854189743 0.48
0.8131638865 0.3129869493 0.14
0.8497848004 0.5725191455 0.48
0.8180295781 0.5946578232 0.14
0.3319259401 0.3315545748 0.48
0.3358877761 0.835622132 0.14

# 110
0.6630381989 0.9147970749 0.48
0.0047750196 0.2523796687 0.14
0.1699564752 0.6703170612 0.48
0.4978572287 0.496859589 0.14
0.8500695895 0.3490434127 0.48
0.8177438596 0.8181335036 0.14

# 111
0.6630381989 0.9147970749 0.48
0.0047750196 0.2523796687 0.14
0.6630882461 0.6643657629 0.48
0.0047252372 0.5028111658 0.14
0.8500695895 0.3490434127 0.48
0.8177438596 0.8181335036 0.14

# 112
0.6630381989 0.9147970749 0.48
0.0047750196 0.2523796687 0.14
0.1685178784 0.4168626851 0.48
0.4992947189 0.7503138387 0.14
0.8500695895 0.3490434127 0.48
0.8177438596 0.8181335036 0.14

# 113
0.6630381989 0.9147970749 0.48
0.0047750196 0.2523796687 0.14
0.6674513102 0.417087862 0.48
0.00036219 0.7500890817 0.14
0.8500695895 0.3490434127 0.48
0.8177438596 0.8181335036 0.14

# 114
0.1699564752 0.6703170612 0.48
0.4978572287 0.496859589 0.14
0.6674513102 0.417087862 0.48
0.00036219 0.7500890817 0.14
0.8500695895 0.3490434127 0.48
0.8177438596 0.8181335036 0.14

# 115
0.6630381989 0.9147970749 0.48
0.0047750196 0.2523796687 0.14
0.1660730133 0.1663772891 0.48
0.5017402485 1.0007993254 0.14
0.8500695895 0.3490434127 0.48
0.8177438596 0.8181335036 0.14

# 116
0.6630381989 0.9147970749 0.48
0.0047750196 0.2523796687 0.14
0.6705985012 0.1718093545 0.48
-0.0027855474 -0.0046330339 0.14
0.8500695895 0.3490434127 0.48
0.8177438596 0.8181335036 0.14

# 117
0.6630381989 0.9147970749 0.48
0.0047750196 0.2523796687 0.14
0.332717112 0.8326299391 0.48
0.3350960538 0.3345463801 0.14
0.8500695895 0.3490434127 0.48
0.8177438596 0.8181335036 0.14

# 118
0.6674513102 0.417087862 0.48
0.00036219 0.7500890817 0.14
0.332717112 0.8326299391 0.48
0.3350960538 0.3345463801 0.14
0.8500695895 0.3490434127 0.48
0.8177438596 0.8181335036 0.14

# 119
0.1672093794 0.9143146478 0.48
0.5006035952 0.2528619728 0.14
0.8546494116 0.854189743 0.48
0.8131638865 0.3129869493 0.14
0.8500695895 0.3490434127 0.48
0.8177438596 0.8181335036 0.14

# 120
0.1699564752 0.6703170612 0.48
0.4978572287 0.496859589 0.14
0.8546494116 0.854189743 0.48
0.8131638865 0.3129869493 0.14
0.8500695895 0.3490434127 0.48
0.8177438596 0.8181335036 0.14

# 121
0.6630882461 0.6643657629 0.48
0.0047252372 0.5028111658 0.14
0.8546494116 0.854189743 0.48
0.8131638865 0.3129869493 0.14
0.8500695895 0.3490434127 0.48
0.8177438596 0.8181335036 0.14

# 122
0.6674513102 0.417087862 0.48
0.00036219 0.7500890817 0.14
0.8546494116 0.854189743 0.48
0.8131638865 0.3129869493 0.14
0.8500695895 0.3490434127 0.48
0.8177438596 0.8181335036 0.14

# 123
0.332717112 0.8326299391 0.48
0.3350960538 0.3345463801 0.14
0.8546494116 0.854189743 0.48
0.8131638865 0.3129869493 0.14
0.8500695895 0.3490434127 0.48
0.8177438596 0.8181335036 0.14

# 124
0.1672093794 0.9143146478 0.48
0.5006035952 0.2528619728 0.14
0.3011256507 0.5735588173 0.48
0.3666869916 0.5936171524 0.14
0.8500695895 0.3490434127 0.48
0.8177438596 0.8181335036 0.14

# 125
0.6630381989 0.9147970749 0.48
0.0047750196 0.2523796687 0.14
0.3011256507 0.5735588173 0.48
0.3666869916 0.5936171524 0.14
0.8500695895 0.3490434127 0.48
0.8177438596 0.8181335036 0.14

# 126
0.1699564752 0.6703170612 0.48
0.4978572287 0.496859589 0.14
0.3011256507 0.5735588173 0.48
0.3666869916 0.5936171524 0.14
0.8500695895 0.3490434127 0.48
0.8177438596 0.8181335036 0.14

# 127
0.6630882461 0.6643657629 0.48
0.0047252372 0.5028111658 0.14
0.3011256507 0.5735588173 0.48
0.3666869916 0.5936171524 0.14
0.8500695895 0.3490434127 0.48
0.8177438596 0.8181335036 0.14

# 128
0.1685178784 0.4168626851 0.48
0.4992947189 0.7503138387 0.14
0.3011256507 0.5735588173 0.48
0.3666869916 0.5936171524 0.14
0.8500695895 0.3490434127 0.48
0.8177438596 0.8181335036 0.14

# 129
0.6674513102 0.417087862 0.48
0.00036219 0.7500890817 0.14
0.3011256507 0.5735588173 0.48
0.3666869916 0.5936171524 0.14
0.8500695895 0.3490434127 0.48
0.8177438596 0.8181335036 0.14

# 130
0.1660730133 0.1663772891 0.48
0.5017402485 1.0007993254 0.14
0.3011256507 0.5735588173 0.48
0.3666869916 0.5936171524 0.14
0.8500695895 0.3490434127 0.48
0.8177438596 0.8181335036 0.14

# 131
0.6705985012 0.1718093545 0.48
-0.0027855474 -0.0046330339 0.14
0.3011256507 0.5735588173 0.48
0.3666869916 0.5936171524 0.14
0.8500695895 0.3490434127 0.48
0.8177438596 0.8181335036 0.14

# 132
0.332717112 0.8326299391 0.48
0.3350960538 0.3345463801 0.14
0.3011256507 0.5735588173 0.48
0.3666869916 0.5936171524 0.14
0.8500695895 0.3490434127 0.48
0.8177438596 0.8181335036 0.14

# 133
0.8546494116 0.854189743 0.48
0.8131638865 0.3129869493 0.14
0.3011256507 0.5735588173 0.48
0.3666869916 0.5936171524 0.14
0.8500695895 0.3490434127 0.48
0.8177438596 0.8181335036 0.14

# 134
0.3011256507 0.5735588173 0.48
0.3666869916 0.5936171524 0.14
0.8497848004 0.5725191455 0.48
0.8180295781 0.5946578232 0.14
0.8500695895 0.3490434127 0.48
0.8177438596 0.8181335036 0.14

# 135
0.3011256507 0.5735588173 0.48
0.3666869916 0.5936171524 0.14
0.3319259401 0.3315545748 0.48
0.3358877761 0.835622132 0.14
0.8500695895 0.3490434127 0.48
0.8177438596 0.8181335036 0.14

# 136
0.1672093794 0.9143146478 0.48
0.5006035952 0.2528619728 0.14
0.3011256507 0.5735588173 0.48
0.3666869916 0.5936171524 0.14
0.3037834313 0.078095735 0.48
0.3640299156 0.0890813704 0.14

# 137
0.6630381989 0.9147970749 0.48
0.0047750196 0.2523796687 0.14
0.3011256507 0.5735588173 0.48
0.3666869916 0.5936171524 0.14
0.3037834313 0.078095735 0.48
0.3640299156 0.0890813704 0.14

# 138
0.6630882461 0.6643657629 0.48
0.0047252372 0.5028111658 0.14
0.3011256507 0.5735588173 0.48
0.3666869916 0.5936171524 0.14
0.3037834313 0.078095735 0.48
0.3640299156 0.0890813704 0.14

# 139
0.332717112 0.8326299391 0.48
0.3350960538 0.3345463801 0.14
0.3011256507 0.5735588173 0.48
0.3666869916 0.5936171524 0.14
0.3037834313 0.078095735 0.48
0.3640299156 0.0890813704 0.14

# 140
0.8546494116 0.854189743 0.48
0.8131638865 0.3129869493 0.14
0.3011256507 0.5735588173 0.48
0.3666869916 0.5936171524 0.14
0.3037834313 0.078095735 0.48
0.3640299156 0.0890813704 0.14

# 141
0.8546494116 0.854189743 0.48
0.8131638865 0.3129869493 0.14
0.8497848004 0.5725191455 0.48
0.8180295781 0.5946578232 0.14
0.3037834313 0.078095735 0.48
0.3640299156 0.0890813704 0.14

# 142
0.1672093794 0.9143146478 0.48
0.5006035952 0.2528619728 0.14
0.8546494116 0.854189743 0.48
0.8131638865 0.3129869493 0.14
0.8557871772 0.0765847349 0.48
0.8120260604 0.0905919439 0.14

# 143
0.6630381989 0.9147970749 0.48
0.0047750196 0.2523796687 0.14
0.8546494116 0.854189743 0.48
0.8131638865 0.3129869493 0.14
0.8557871772 0.0765847349 0.48
0.8120260604 0.0905919439 0.14

# 144
0.6630882461 0.6643657629 0.48
0.0047252372 0.5028111658 0.14
0.8546494116 0.854189743 0.48
0.8131638865 0.3129869493 0.14
0.8557871772 0.0765847349 0.48
0.8120260604 0.0905919439 0.14

# 145
0.1685178784 0.4168626851 0.48
0.4992947189 0.7503138387 0.14
0.8546494116 0.854189743 0.48
0.8131638865 0.3129869493 0.14
0.8557871772 0.0765847349 0.48
0.8120260604 0.0905919439 0.14

# 146
0.6674513102 0.417087862 0.48
0.00036219 0.7500890817 0.14
0.8546494116 0.854189743 0.48
0.8131638865 0.3129869493 0.14
0.8557871772 0.0765847349 0.48
0.8120260604 0.0905919439 0.14

# 147
0.332717112 0.8326299391 0.48
0.3350960538 0.3345463801 0.14
0.8546494116 0.854189743 0.48
0.8131638865 0.3129869493 0.14
0.8557871772 0.0765847349 0.48
0.8120260604 0.0905919439 0.14

# 148
0.8546494116 0.854189743 0.48
0.8131638865 0.3129869493 0.14
0.3319259401 0.3315545748 0.48
0.3358877761 0.835622132 0.14
0.8557871772 0.0765847349 0.48
0.8120260604 0.0905919439 0.14

# 149
0.1672093794 0.9143146478 0.48
0.5006035952 0.2528619728 0.14
0.8500695895 0.3490434127 0.48
0.8177438596 0.8181335036 0.14
0.8557871772 0.0765847349 0.48
0.8120260604 0.0905919439 0.14

# 150
0.6630381989 0.9147970749 0.48
0.0047750196 0.2523796687 0.14
0.8500695895 0.3490434127 0.48
0.8177438596 0.8181335036 0.14
0.8557871772 0.0765847349 0.48
0.8120260604 0.0905919439 0.14

# 151
0.1699564752 0.6703170612 0.48
0.4978572287 0.496859589 0.14
0.8500695895 0.3490434127 0.48
0.8177438596 0.8181335036 0.14
0.8557871772 0.0765847349 0.48
0.8120260604 0.0905919439 0.14

# 152
0.6630882461 0.6643657629 0.48
0.0047252372 0.5028111658 0.14
0.8500695895 0.3490434127 0.48
0.8177438596 0.8181335036 0.14
0.8557871772 0.0765847349 0.48
0.8120260604 0.0905919439 0.14

# 153
0.6705985012 0.1718093545 0.48
-0.0027855474 -0.0046330339 0.14
0.8500695895 0.3490434127 0.48
0.8177438596 0.8181335036 0.14
0.8557871772 0.0765847349 0.48
0.8120260604 0.0905919439 0.14

# 154
0.8546494116 0.854189743 0.48
0.8131638865 0.3129869493 0.14
0.8500695895 0.3490434127 0.48
0.8177438596 0.8181335036 0.14
0.8557871772 0.0765847349 0.48
0.8120260604 0.0905919439 0.14
