0.5006035952 0.2528619728 0.140
0.0047750196 0.2523796687 0.140
0.4978572287 0.4968595890 0.140
0.0047252372 0.5028111658 0.140
0.4992947189 0.7503138387 0.140
0.0003621900 0.7500890817 0.140
0.5017402485 1.0007993254 0.140
-0.0027855474 -0.0046330339 0.140
0.3350960538 0.3345463801 0.140
0.8131638865 0.3129869493 0.140
0.3666869916 0.5936171524 0.140
0.8180295781 0.5946578232 0.140
0.3358877761 0.8356221320 0.140
0.8177438596 0.8181335036 0.140
0.3640299156 0.0890813704 0.140
0.8120260604 0.0905919439 0.140
